g 0 fingers_L
g 1 thumb_L
g 2 palm_L
g 3 forearm_L
g 4 humerus_L
g 5 fingers_R
g 6 palm_R
g 7 thumb_R
g 8 forearm_R
g 9 humerus_R
g 10 ribcage
g 11 shoulder_L
g 12 waist
g 13 hip_R
g 14 hip_L
g 15 thigh_R
g 16 thigh_L
g 17 calf_R
g 18 calf_L
g 19 foot_R
g 20 foot_L
g 21 neck
g 22 head
g 23 shoulder_R
0 3
1 3
2 3
3 3
4 3
5 3
6 3
7 3
8 3
9 3
10 4
11 4
12 4
13 4
14 4
15 4
16 4
17 4
18 4
19 4
20 11
21 11
22 11
23 11
24 11
25 11
26 11
27 11
28 11
29 11
30 10
31 10
32 10
33 10
34 10
35 10
36 10
37 10
38 10
39 10
40 8
41 8
42 8
43 8
44 8
45 8
46 8
47 8
48 8
49 8
50 9
51 9
52 9
53 9
54 9
55 9
56 9
57 9
58 9
59 9
60 23
61 23
62 23
63 23
64 23
65 23
66 23
67 23
68 23
69 23
70 10
71 10
72 10
73 10
74 10
75 10
76 10
77 10
78 10
79 10
80 12
81 12
82 12
83 12
84 12
85 12
86 12
87 12
88 12
89 12
90 10
91 10
92 10
93 10
94 10
95 10
96 10
97 10
98 10
99 10
100 10
101 10
102 10
103 10
104 10
105 10
106 10
107 10
108 10
109 12
110 12
111 12
112 12
113 12
114 12
115 12
116 12
117 12
118 12
119 10
120 10
121 17
122 17
123 17
124 17
125 17
126 17
127 17
128 17
129 17
130 17
131 17
132 17
133 17
134 17
135 17
136 17
137 17
138 17
139 17
140 17
141 17
142 17
143 17
144 17
145 17
146 17
147 17
148 17
149 17
150 17
151 15
152 15
153 15
154 15
155 15
156 15
157 15
158 15
159 15
160 15
161 15
162 15
163 15
164 15
165 15
166 15
167 15
168 15
169 15
170 15
171 13
172 13
173 13
174 13
175 13
176 13
177 13
178 13
179 13
180 13
181 18
182 18
183 18
184 18
185 18
186 18
187 18
188 18
189 18
190 18
191 18
192 18
193 18
194 18
195 18
196 18
197 18
198 18
199 18
200 18
201 18
202 18
203 18
204 18
205 18
206 18
207 18
208 18
209 18
210 18
211 16
212 16
213 16
214 16
215 16
216 16
217 16
218 16
219 16
220 16
221 16
222 16
223 16
224 16
225 16
226 16
227 16
228 16
229 16
230 16
231 14
232 14
233 14
234 14
235 14
236 14
237 14
238 14
239 14
240 14
241 12
242 12
243 12
244 12
245 12
246 12
247 12
248 12
249 13
250 14
251 12
252 12
253 10
254 10
255 10
256 10
257 10
258 10
259 10
260 10
261 10
262 10
263 10
264 21
265 21
266 21
267 21
268 21
269 21
270 21
271 21
272 21
273 21
274 22
275 22
276 22
277 22
278 22
279 10
280 10
281 10
282 10
283 8
284 8
285 8
286 8
287 8
288 8
289 8
290 8
291 8
292 8
293 3
294 3
295 3
296 3
297 3
298 3
299 3
300 3
301 3
302 3
303 9
304 9
305 9
306 9
307 9
308 9
309 9
310 9
311 9
312 9
313 4
314 4
315 4
316 4
317 4
318 4
319 4
320 4
321 4
322 4
323 22
324 22
325 22
326 22
327 22
328 22
329 22
330 22
331 22
332 22
333 22
334 22
335 22
336 22
337 22
338 22
339 22
340 22
341 22
342 22
343 22
344 22
345 22
346 22
347 22
348 22
349 22
350 22
351 22
352 22
353 22
354 22
355 22
356 22
357 22
358 22
359 22
360 22
361 22
362 22
363 22
364 22
365 22
366 22
367 22
368 22
369 22
370 22
371 22
372 22
373 22
374 22
375 22
376 22
377 22
378 22
379 22
380 22
381 22
382 22
383 22
384 22
385 22
386 22
387 22
388 22
389 22
390 22
391 22
392 22
393 22
394 22
395 22
396 22
397 22
398 22
399 22
400 22
401 22
402 22
403 22
404 22
405 22
406 22
407 22
408 22
409 22
410 22
411 22
412 22
413 22
414 22
415 22
416 22
417 22
418 22
419 22
420 22
421 22
422 22
423 22
424 22
425 22
426 22
427 22
428 22
429 22
430 2
431 2
432 2
433 2
434 2
435 2
436 2
437 2
438 2
439 1
440 1
441 1
442 1
443 1
444 1
445 1
446 1
447 1
448 1
449 1
450 1
451 1
452 1
453 0
454 0
455 0
456 0
457 0
458 0
459 0
460 0
461 0
462 0
463 0
464 0
465 2
466 2
467 2
468 0
469 0
470 0
471 0
472 0
473 0
474 0
475 0
476 0
477 0
478 0
479 0
480 0
481 0
482 0
483 0
484 0
485 0
486 0
487 0
488 0
489 0
490 0
491 0
492 0
493 0
494 0
495 0
496 0
497 0
498 0
499 0
500 0
501 0
502 0
503 0
504 6
505 6
506 6
507 6
508 6
509 6
510 6
511 6
512 6
513 7
514 7
515 7
516 7
517 7
518 7
519 7
520 7
521 7
522 7
523 7
524 7
525 7
526 7
527 5
528 5
529 5
530 5
531 5
532 5
533 5
534 5
535 5
536 5
537 5
538 5
539 6
540 6
541 6
542 5
543 5
544 5
545 5
546 5
547 5
548 5
549 5
550 5
551 5
552 5
553 5
554 5
555 5
556 5
557 5
558 5
559 5
560 5
561 5
562 5
563 5
564 5
565 5
566 5
567 5
568 5
569 5
570 5
571 5
572 5
573 5
574 5
575 5
576 5
577 5
578 20
579 20
580 20
581 20
582 20
583 20
584 20
585 20
586 20
587 20
588 20
589 20
590 20
591 20
592 20
593 20
594 20
595 20
596 20
597 20
598 20
599 20
600 20
601 20
602 20
603 20
604 20
605 20
606 20
607 20
608 19
609 19
610 19
611 19
612 19
613 19
614 19
615 19
616 19
617 19
618 19
619 19
620 19
621 19
622 19
623 19
624 19
625 19
626 19
627 19
628 19
629 19
630 19
631 19
632 19
633 19
634 19
635 19
636 19
637 19
638 22
639 22
640 22
641 22
642 22
643 22
644 22
645 22
646 22
647 22
648 22
649 22
650 22
651 22
652 22
653 22
654 22
655 22
656 22
657 22
658 22
659 22
660 22
661 22
662 22
663 22
664 22
665 22
666 22
